10
0.0 0.0 0.673 0.0 0.21 1.0 0.0 0.0 0.539 0.0 
0.0 0.085 0.0 0.801 0.0 0.0 0.0 0.0 0.0 0.0 
0.673 0.0 0.16 0.553 0.222 0.0 0.0 0.0 0.993 0.9 
0.0 0.801 0.553 0.0 0.695 0.72 0.0 0.637 0.0 0.0 
0.21 0.0 0.222 0.695 0.015 0.0 0.087 0.0 0.0 0.0 
1.0 0.0 0.0 0.72 0.0 0.0 0.0 0.0 0.0 0.0 
0.0 0.0 0.0 0.0 0.087 0.0 0.0 0.522 0.063 0.0 
0.0 0.0 0.0 0.637 0.0 0.0 0.522 0.0 0.0 0.734 
0.539 0.0 0.993 0.0 0.0 0.0 0.063 0.0 0.074 0.216 
0.0 0.0 0.9 0.0 0.0 0.0 0.0 0.734 0.216 0.041 
36 21 19 24 41 30 27 8 28 48 
